Created as New Dataset,Sample 153 By Administrator Date Tuesday, September 09 2025
cm-1,A
4000.00,0.0009
3999.00,0.0008
3998.00,0.0008
3997.00,0.0008
3996.00,0.0008
3995.00,0.0007
3994.00,0.0007
3993.00,0.0007
3992.00,0.0007
3991.00,0.0007
3990.00,0.0007
3989.00,0.0007
3988.00,0.0008
3987.00,0.0008
3986.00,0.0008
3985.00,0.0008
3984.00,0.0008
3983.00,0.0007
3982.00,0.0007
3981.00,0.0007
3980.00,0.0007
3979.00,0.0006
3978.00,0.0006
3977.00,0.0006
3976.00,0.0006
3975.00,0.0006
3974.00,0.0006
3973.00,0.0006
3972.00,0.0006
3971.00,0.0006
3970.00,0.0006
3969.00,0.0006
3968.00,0.0006
3967.00,0.0006
3966.00,0.0005
3965.00,0.0005
3964.00,0.0005
3963.00,0.0005
3962.00,0.0005
3961.00,0.0006
3960.00,0.0006
3959.00,0.0006
3958.00,0.0007
3957.00,0.0007
3956.00,0.0007
3955.00,0.0007
3954.00,0.0006
3953.00,0.0006
3952.00,0.0006
3951.00,0.0005
3950.00,0.0005
3949.00,0.0005
3948.00,0.0005
3947.00,0.0005
3946.00,0.0005
3945.00,0.0005
3944.00,0.0005
3943.00,0.0005
3942.00,0.0005
3941.00,0.0005
3940.00,0.0005
3939.00,0.0005
3938.00,0.0006
3937.00,0.0006
3936.00,0.0006
3935.00,0.0006
3934.00,0.0006
3933.00,0.0006
3932.00,0.0006
3931.00,0.0006
3930.00,0.0006
3929.00,0.0006
3928.00,0.0006
3927.00,0.0006
3926.00,0.0006
3925.00,0.0006
3924.00,0.0007
3923.00,0.0007
3922.00,0.0007
3921.00,0.0007
3920.00,0.0006
3919.00,0.0006
3918.00,0.0005
3917.00,0.0005
3916.00,0.0005
3915.00,0.0005
3914.00,0.0006
3913.00,0.0006
3912.00,0.0006
3911.00,0.0006
3910.00,0.0006
3909.00,0.0006
3908.00,0.0007
3907.00,0.0007
3906.00,0.0007
3905.00,0.0007
3904.00,0.0007
3903.00,0.0006
3902.00,0.0006
3901.00,0.0006
3900.00,0.0005
3899.00,0.0005
3898.00,0.0005
3897.00,0.0006
3896.00,0.0006
3895.00,0.0006
3894.00,0.0006
3893.00,0.0006
3892.00,0.0005
3891.00,0.0005
3890.00,0.0006
3889.00,0.0006
3888.00,0.0006
3887.00,0.0006
3886.00,0.0006
3885.00,0.0006
3884.00,0.0007
3883.00,0.0007
3882.00,0.0006
3881.00,0.0006
3880.00,0.0006
3879.00,0.0006
3878.00,0.0006
3877.00,0.0006
3876.00,0.0006
3875.00,0.0006
3874.00,0.0006
3873.00,0.0006
3872.00,0.0006
3871.00,0.0006
3870.00,0.0006
3869.00,0.0006
3868.00,0.0006
3867.00,0.0006
3866.00,0.0006
3865.00,0.0006
3864.00,0.0006
3863.00,0.0006
3862.00,0.0006
3861.00,0.0006
3860.00,0.0006
3859.00,0.0006
3858.00,0.0006
3857.00,0.0006
3856.00,0.0006
3855.00,0.0005
3854.00,0.0005
3853.00,0.0004
3852.00,0.0005
3851.00,0.0005
3850.00,0.0004
3849.00,0.0004
3848.00,0.0004
3847.00,0.0005
3846.00,0.0005
3845.00,0.0006
3844.00,0.0006
3843.00,0.0006
3842.00,0.0006
3841.00,0.0007
3840.00,0.0006
3839.00,0.0006
3838.00,0.0006
3837.00,0.0006
3836.00,0.0006
3835.00,0.0006
3834.00,0.0005
3833.00,0.0005
3832.00,0.0005
3831.00,0.0005
3830.00,0.0005
3829.00,0.0005
3828.00,0.0006
3827.00,0.0006
3826.00,0.0006
3825.00,0.0007
3824.00,0.0007
3823.00,0.0007
3822.00,0.0006
3821.00,0.0006
3820.00,0.0006
3819.00,0.0006
3818.00,0.0006
3817.00,0.0006
3816.00,0.0006
3815.00,0.0006
3814.00,0.0006
3813.00,0.0005
3812.00,0.0005
3811.00,0.0005
3810.00,0.0006
3809.00,0.0006
3808.00,0.0006
3807.00,0.0006
3806.00,0.0006
3805.00,0.0006
3804.00,0.0006
3803.00,0.0006
3802.00,0.0006
3801.00,0.0007
3800.00,0.0007
3799.00,0.0007
3798.00,0.0006
3797.00,0.0005
3796.00,0.0005
3795.00,0.0006
3794.00,0.0006
3793.00,0.0006
3792.00,0.0006
3791.00,0.0006
3790.00,0.0006
3789.00,0.0006
3788.00,0.0006
3787.00,0.0006
3786.00,0.0006
3785.00,0.0006
3784.00,0.0007
3783.00,0.0007
3782.00,0.0007
3781.00,0.0006
3780.00,0.0006
3779.00,0.0006
3778.00,0.0007
3777.00,0.0007
3776.00,0.0006
3775.00,0.0006
3774.00,0.0007
3773.00,0.0007
3772.00,0.0007
3771.00,0.0007
3770.00,0.0007
3769.00,0.0008
3768.00,0.0008
3767.00,0.0008
3766.00,0.0008
3765.00,0.0008
3764.00,0.0008
3763.00,0.0008
3762.00,0.0008
3761.00,0.0008
3760.00,0.0008
3759.00,0.0008
3758.00,0.0008
3757.00,0.0007
3756.00,0.0007
3755.00,0.0007
3754.00,0.0007
3753.00,0.0008
3752.00,0.0008
3751.00,0.0008
3750.00,0.0007
3749.00,0.0007
3748.00,0.0007
3747.00,0.0007
3746.00,0.0007
3745.00,0.0006
3744.00,0.0006
3743.00,0.0006
3742.00,0.0006
3741.00,0.0006
3740.00,0.0006
3739.00,0.0006
3738.00,0.0006
3737.00,0.0006
3736.00,0.0005
3735.00,0.0005
3734.00,0.0005
3733.00,0.0005
3732.00,0.0004
3731.00,0.0004
3730.00,0.0003
3729.00,0.0003
3728.00,0.0003
3727.00,0.0003
3726.00,0.0003
3725.00,0.0004
3724.00,0.0004
3723.00,0.0004
3722.00,0.0004
3721.00,0.0004
3720.00,0.0004
3719.00,0.0004
3718.00,0.0004
3717.00,0.0004
3716.00,0.0004
3715.00,0.0004
3714.00,0.0004
3713.00,0.0004
3712.00,0.0004
3711.00,0.0004
3710.00,0.0005
3709.00,0.0004
3708.00,0.0004
3707.00,0.0004
3706.00,0.0003
3705.00,0.0003
3704.00,0.0003
3703.00,0.0003
3702.00,0.0003
3701.00,0.0003
3700.00,0.0003
3699.00,0.0003
3698.00,0.0003
3697.00,0.0003
3696.00,0.0003
3695.00,0.0003
3694.00,0.0003
3693.00,0.0004
3692.00,0.0004
3691.00,0.0004
3690.00,0.0004
3689.00,0.0004
3688.00,0.0004
3687.00,0.0004
3686.00,0.0003
3685.00,0.0003
3684.00,0.0003
3683.00,0.0004
3682.00,0.0004
3681.00,0.0004
3680.00,0.0005
3679.00,0.0005
3678.00,0.0005
3677.00,0.0006
3676.00,0.0005
3675.00,0.0005
3674.00,0.0005
3673.00,0.0005
3672.00,0.0004
3671.00,0.0004
3670.00,0.0004
3669.00,0.0004
3668.00,0.0004
3667.00,0.0004
3666.00,0.0004
3665.00,0.0004
3664.00,0.0004
3663.00,0.0005
3662.00,0.0005
3661.00,0.0004
3660.00,0.0004
3659.00,0.0004
3658.00,0.0004
3657.00,0.0004
3656.00,0.0004
3655.00,0.0004
3654.00,0.0004
3653.00,0.0005
3652.00,0.0005
3651.00,0.0006
3650.00,0.0006
3649.00,0.0006
3648.00,0.0005
3647.00,0.0004
3646.00,0.0004
3645.00,0.0004
3644.00,0.0004
3643.00,0.0004
3642.00,0.0004
3641.00,0.0004
3640.00,0.0004
3639.00,0.0004
3638.00,0.0004
3637.00,0.0005
3636.00,0.0005
3635.00,0.0005
3634.00,0.0005
3633.00,0.0005
3632.00,0.0005
3631.00,0.0005
3630.00,0.0004
3629.00,0.0004
3628.00,0.0004
3627.00,0.0004
3626.00,0.0004
3625.00,0.0004
3624.00,0.0003
3623.00,0.0003
3622.00,0.0003
3621.00,0.0003
3620.00,0.0003
3619.00,0.0004
3618.00,0.0004
3617.00,0.0005
3616.00,0.0005
3615.00,0.0005
3614.00,0.0005
3613.00,0.0005
3612.00,0.0005
3611.00,0.0005
3610.00,0.0004
3609.00,0.0004
3608.00,0.0004
3607.00,0.0005
3606.00,0.0005
3605.00,0.0005
3604.00,0.0005
3603.00,0.0005
3602.00,0.0005
3601.00,0.0006
3600.00,0.0006
3599.00,0.0007
3598.00,0.0007
3597.00,0.0007
3596.00,0.0007
3595.00,0.0007
3594.00,0.0007
3593.00,0.0007
3592.00,0.0007
3591.00,0.0007
3590.00,0.0007
3589.00,0.0007
3588.00,0.0007
3587.00,0.0007
3586.00,0.0007
3585.00,0.0007
3584.00,0.0007
3583.00,0.0006
3582.00,0.0007
3581.00,0.0007
3580.00,0.0008
3579.00,0.0008
3578.00,0.0008
3577.00,0.0009
3576.00,0.0009
3575.00,0.0009
3574.00,0.0009
3573.00,0.0010
3572.00,0.0010
3571.00,0.0010
3570.00,0.0010
3569.00,0.0010
3568.00,0.0010
3567.00,0.0010
3566.00,0.0011
3565.00,0.0011
3564.00,0.0011
3563.00,0.0011
3562.00,0.0011
3561.00,0.0012
3560.00,0.0012
3559.00,0.0012
3558.00,0.0013
3557.00,0.0013
3556.00,0.0013
3555.00,0.0013
3554.00,0.0013
3553.00,0.0014
3552.00,0.0014
3551.00,0.0014
3550.00,0.0014
3549.00,0.0014
3548.00,0.0014
3547.00,0.0015
3546.00,0.0015
3545.00,0.0015
3544.00,0.0015
3543.00,0.0015
3542.00,0.0015
3541.00,0.0015
3540.00,0.0016
3539.00,0.0016
3538.00,0.0016
3537.00,0.0017
3536.00,0.0017
3535.00,0.0017
3534.00,0.0017
3533.00,0.0017
3532.00,0.0017
3531.00,0.0017
3530.00,0.0018
3529.00,0.0018
3528.00,0.0018
3527.00,0.0019
3526.00,0.0019
3525.00,0.0019
3524.00,0.0019
3523.00,0.0019
3522.00,0.0019
3521.00,0.0019
3520.00,0.0019
3519.00,0.0019
3518.00,0.0019
3517.00,0.0019
3516.00,0.0020
3515.00,0.0020
3514.00,0.0020
3513.00,0.0021
3512.00,0.0022
3511.00,0.0022
3510.00,0.0023
3509.00,0.0023
3508.00,0.0023
3507.00,0.0023
3506.00,0.0023
3505.00,0.0024
3504.00,0.0024
3503.00,0.0024
3502.00,0.0024
3501.00,0.0024
3500.00,0.0024
3499.00,0.0023
3498.00,0.0023
3497.00,0.0023
3496.00,0.0024
3495.00,0.0024
3494.00,0.0024
3493.00,0.0025
3492.00,0.0025
3491.00,0.0025
3490.00,0.0025
3489.00,0.0026
3488.00,0.0026
3487.00,0.0026
3486.00,0.0026
3485.00,0.0026
3484.00,0.0026
3483.00,0.0026
3482.00,0.0027
3481.00,0.0027
3480.00,0.0028
3479.00,0.0029
3478.00,0.0029
3477.00,0.0030
3476.00,0.0030
3475.00,0.0030
3474.00,0.0030
3473.00,0.0030
3472.00,0.0030
3471.00,0.0030
3470.00,0.0030
3469.00,0.0030
3468.00,0.0030
3467.00,0.0030
3466.00,0.0030
3465.00,0.0031
3464.00,0.0031
3463.00,0.0031
3462.00,0.0031
3461.00,0.0031
3460.00,0.0032
3459.00,0.0032
3458.00,0.0032
3457.00,0.0032
3456.00,0.0032
3455.00,0.0032
3454.00,0.0033
3453.00,0.0033
3452.00,0.0033
3451.00,0.0033
3450.00,0.0034
3449.00,0.0034
3448.00,0.0034
3447.00,0.0034
3446.00,0.0034
3445.00,0.0035
3444.00,0.0035
3443.00,0.0035
3442.00,0.0035
3441.00,0.0036
3440.00,0.0036
3439.00,0.0036
3438.00,0.0037
3437.00,0.0037
3436.00,0.0037
3435.00,0.0037
3434.00,0.0037
3433.00,0.0037
3432.00,0.0037
3431.00,0.0037
3430.00,0.0038
3429.00,0.0038
3428.00,0.0038
3427.00,0.0039
3426.00,0.0039
3425.00,0.0040
3424.00,0.0040
3423.00,0.0040
3422.00,0.0040
3421.00,0.0040
3420.00,0.0040
3419.00,0.0040
3418.00,0.0041
3417.00,0.0041
3416.00,0.0042
3415.00,0.0042
3414.00,0.0042
3413.00,0.0042
3412.00,0.0042
3411.00,0.0043
3410.00,0.0043
3409.00,0.0043
3408.00,0.0043
3407.00,0.0043
3406.00,0.0043
3405.00,0.0043
3404.00,0.0043
3403.00,0.0044
3402.00,0.0044
3401.00,0.0044
3400.00,0.0044
3399.00,0.0044
3398.00,0.0044
3397.00,0.0044
3396.00,0.0044
3395.00,0.0044
3394.00,0.0044
3393.00,0.0044
3392.00,0.0044
3391.00,0.0043
3390.00,0.0043
3389.00,0.0043
3388.00,0.0043
3387.00,0.0043
3386.00,0.0044
3385.00,0.0044
3384.00,0.0045
3383.00,0.0045
3382.00,0.0045
3381.00,0.0045
3380.00,0.0044
3379.00,0.0044
3378.00,0.0044
3377.00,0.0045
3376.00,0.0045
3375.00,0.0045
3374.00,0.0045
3373.00,0.0045
3372.00,0.0045
3371.00,0.0045
3370.00,0.0045
3369.00,0.0046
3368.00,0.0046
3367.00,0.0046
3366.00,0.0046
3365.00,0.0046
3364.00,0.0046
3363.00,0.0046
3362.00,0.0047
3361.00,0.0047
3360.00,0.0047
3359.00,0.0047
3358.00,0.0047
3357.00,0.0047
3356.00,0.0047
3355.00,0.0047
3354.00,0.0047
3353.00,0.0047
3352.00,0.0047
3351.00,0.0047
3350.00,0.0047
3349.00,0.0047
3348.00,0.0047
3347.00,0.0047
3346.00,0.0047
3345.00,0.0048
3344.00,0.0048
3343.00,0.0048
3342.00,0.0048
3341.00,0.0049
3340.00,0.0048
3339.00,0.0048
3338.00,0.0048
3337.00,0.0048
3336.00,0.0048
3335.00,0.0048
3334.00,0.0048
3333.00,0.0048
3332.00,0.0048
3331.00,0.0048
3330.00,0.0048
3329.00,0.0048
3328.00,0.0048
3327.00,0.0048
3326.00,0.0048
3325.00,0.0049
3324.00,0.0049
3323.00,0.0049
3322.00,0.0049
3321.00,0.0049
3320.00,0.0049
3319.00,0.0049
3318.00,0.0049
3317.00,0.0049
3316.00,0.0049
3315.00,0.0049
3314.00,0.0049
3313.00,0.0050
3312.00,0.0050
3311.00,0.0050
3310.00,0.0050
3309.00,0.0050
3308.00,0.0050
3307.00,0.0050
3306.00,0.0049
3305.00,0.0049
3304.00,0.0049
3303.00,0.0049
3302.00,0.0049
3301.00,0.0049
3300.00,0.0048
3299.00,0.0048
3298.00,0.0048
3297.00,0.0048
3296.00,0.0048
3295.00,0.0048
3294.00,0.0047
3293.00,0.0047
3292.00,0.0047
3291.00,0.0047
3290.00,0.0047
3289.00,0.0047
3288.00,0.0046
3287.00,0.0046
3286.00,0.0047
3285.00,0.0046
3284.00,0.0046
3283.00,0.0046
3282.00,0.0046
3281.00,0.0046
3280.00,0.0047
3279.00,0.0047
3278.00,0.0047
3277.00,0.0047
3276.00,0.0046
3275.00,0.0046
3274.00,0.0045
3273.00,0.0045
3272.00,0.0045
3271.00,0.0045
3270.00,0.0044
3269.00,0.0044
3268.00,0.0043
3267.00,0.0043
3266.00,0.0043
3265.00,0.0043
3264.00,0.0043
3263.00,0.0043
3262.00,0.0043
3261.00,0.0043
3260.00,0.0043
3259.00,0.0043
3258.00,0.0043
3257.00,0.0042
3256.00,0.0042
3255.00,0.0042
3254.00,0.0042
3253.00,0.0042
3252.00,0.0042
3251.00,0.0042
3250.00,0.0042
3249.00,0.0041
3248.00,0.0041
3247.00,0.0041
3246.00,0.0041
3245.00,0.0041
3244.00,0.0041
3243.00,0.0042
3242.00,0.0042
3241.00,0.0042
3240.00,0.0042
3239.00,0.0041
3238.00,0.0041
3237.00,0.0040
3236.00,0.0040
3235.00,0.0040
3234.00,0.0041
3233.00,0.0041
3232.00,0.0042
3231.00,0.0042
3230.00,0.0042
3229.00,0.0042
3228.00,0.0042
3227.00,0.0043
3226.00,0.0043
3225.00,0.0043
3224.00,0.0043
3223.00,0.0044
3222.00,0.0044
3221.00,0.0044
3220.00,0.0044
3219.00,0.0044
3218.00,0.0044
3217.00,0.0044
3216.00,0.0045
3215.00,0.0045
3214.00,0.0045
3213.00,0.0046
3212.00,0.0046
3211.00,0.0046
3210.00,0.0046
3209.00,0.0047
3208.00,0.0048
3207.00,0.0048
3206.00,0.0048
3205.00,0.0048
3204.00,0.0048
3203.00,0.0048
3202.00,0.0048
3201.00,0.0047
3200.00,0.0047
3199.00,0.0048
3198.00,0.0048
3197.00,0.0048
3196.00,0.0048
3195.00,0.0047
3194.00,0.0047
3193.00,0.0047
3192.00,0.0047
3191.00,0.0046
3190.00,0.0046
3189.00,0.0046
3188.00,0.0046
3187.00,0.0046
3186.00,0.0045
3185.00,0.0045
3184.00,0.0045
3183.00,0.0045
3182.00,0.0045
3181.00,0.0045
3180.00,0.0044
3179.00,0.0044
3178.00,0.0043
3177.00,0.0044
3176.00,0.0044
3175.00,0.0044
3174.00,0.0043
3173.00,0.0043
3172.00,0.0042
3171.00,0.0041
3170.00,0.0041
3169.00,0.0041
3168.00,0.0041
3167.00,0.0041
3166.00,0.0040
3165.00,0.0040
3164.00,0.0040
3163.00,0.0040
3162.00,0.0040
3161.00,0.0041
3160.00,0.0041
3159.00,0.0040
3158.00,0.0040
3157.00,0.0041
3156.00,0.0041
3155.00,0.0041
3154.00,0.0040
3153.00,0.0040
3152.00,0.0040
3151.00,0.0040
3150.00,0.0040
3149.00,0.0040
3148.00,0.0040
3147.00,0.0040
3146.00,0.0040
3145.00,0.0040
3144.00,0.0040
3143.00,0.0039
3142.00,0.0039
3141.00,0.0039
3140.00,0.0039
3139.00,0.0039
3138.00,0.0038
3137.00,0.0038
3136.00,0.0038
3135.00,0.0038
3134.00,0.0038
3133.00,0.0038
3132.00,0.0038
3131.00,0.0037
3130.00,0.0037
3129.00,0.0036
3128.00,0.0036
3127.00,0.0036
3126.00,0.0036
3125.00,0.0036
3124.00,0.0036
3123.00,0.0036
3122.00,0.0035
3121.00,0.0035
3120.00,0.0035
3119.00,0.0034
3118.00,0.0034
3117.00,0.0034
3116.00,0.0034
3115.00,0.0034
3114.00,0.0034
3113.00,0.0034
3112.00,0.0033
3111.00,0.0033
3110.00,0.0033
3109.00,0.0033
3108.00,0.0032
3107.00,0.0032
3106.00,0.0032
3105.00,0.0031
3104.00,0.0031
3103.00,0.0032
3102.00,0.0032
3101.00,0.0032
3100.00,0.0031
3099.00,0.0031
3098.00,0.0031
3097.00,0.0030
3096.00,0.0031
3095.00,0.0031
3094.00,0.0031
3093.00,0.0030
3092.00,0.0030
3091.00,0.0030
3090.00,0.0029
3089.00,0.0029
3088.00,0.0029
3087.00,0.0029
3086.00,0.0029
3085.00,0.0028
3084.00,0.0028
3083.00,0.0028
3082.00,0.0028
3081.00,0.0028
3080.00,0.0029
3079.00,0.0029
3078.00,0.0029
3077.00,0.0029
3076.00,0.0030
3075.00,0.0030
3074.00,0.0030
3073.00,0.0030
3072.00,0.0031
3071.00,0.0031
3070.00,0.0031
3069.00,0.0031
3068.00,0.0031
3067.00,0.0031
3066.00,0.0031
3065.00,0.0032
3064.00,0.0032
3063.00,0.0032
3062.00,0.0031
3061.00,0.0031
3060.00,0.0031
3059.00,0.0031
3058.00,0.0031
3057.00,0.0032
3056.00,0.0032
3055.00,0.0031
3054.00,0.0031
3053.00,0.0031
3052.00,0.0031
3051.00,0.0032
3050.00,0.0032
3049.00,0.0032
3048.00,0.0033
3047.00,0.0033
3046.00,0.0033
3045.00,0.0033
3044.00,0.0033
3043.00,0.0033
3042.00,0.0033
3041.00,0.0033
3040.00,0.0034
3039.00,0.0034
3038.00,0.0034
3037.00,0.0034
3036.00,0.0034
3035.00,0.0034
3034.00,0.0034
3033.00,0.0035
3032.00,0.0036
3031.00,0.0036
3030.00,0.0037
3029.00,0.0037
3028.00,0.0038
3027.00,0.0038
3026.00,0.0039
3025.00,0.0039
3024.00,0.0040
3023.00,0.0041
3022.00,0.0042
3021.00,0.0042
3020.00,0.0043
3019.00,0.0044
3018.00,0.0045
3017.00,0.0046
3016.00,0.0047
3015.00,0.0048
3014.00,0.0049
3013.00,0.0051
3012.00,0.0052
3011.00,0.0053
3010.00,0.0055
3009.00,0.0056
3008.00,0.0058
3007.00,0.0059
3006.00,0.0062
3005.00,0.0064
3004.00,0.0066
3003.00,0.0068
3002.00,0.0071
3001.00,0.0073
3000.00,0.0076
2999.00,0.0078
2998.00,0.0082
2997.00,0.0085
2996.00,0.0089
2995.00,0.0093
2994.00,0.0097
2993.00,0.0102
2992.00,0.0107
2991.00,0.0113
2990.00,0.0120
2989.00,0.0128
2988.00,0.0136
2987.00,0.0145
2986.00,0.0155
2985.00,0.0166
2984.00,0.0179
2983.00,0.0193
2982.00,0.0210
2981.00,0.0228
2980.00,0.0248
2979.00,0.0270
2978.00,0.0296
2977.00,0.0325
2976.00,0.0358
2975.00,0.0396
2974.00,0.0439
2973.00,0.0488
2972.00,0.0542
2971.00,0.0604
2970.00,0.0672
2969.00,0.0746
2968.00,0.0827
2967.00,0.0913
2966.00,0.1002
2965.00,0.1092
2964.00,0.1180
2963.00,0.1261
2962.00,0.1331
2961.00,0.1390
2960.00,0.1439
2959.00,0.1480
2958.00,0.1521
2957.00,0.1567
2956.00,0.1624
2955.00,0.1693
2954.00,0.1775
2953.00,0.1862
2952.00,0.1946
2951.00,0.2014
2950.00,0.2052
2949.00,0.2050
2948.00,0.2002
2947.00,0.1909
2946.00,0.1783
2945.00,0.1638
2944.00,0.1492
2943.00,0.1360
2942.00,0.1252
2941.00,0.1172
2940.00,0.1121
2939.00,0.1096
2938.00,0.1095
2937.00,0.1114
2936.00,0.1152
2935.00,0.1207
2934.00,0.1278
2933.00,0.1363
2932.00,0.1460
2931.00,0.1567
2930.00,0.1682
2929.00,0.1801
2928.00,0.1919
2927.00,0.2034
2926.00,0.2145
2925.00,0.2251
2924.00,0.2353
2923.00,0.2454
2922.00,0.2553
2921.00,0.2650
2920.00,0.2737
2919.00,0.2805
2918.00,0.2845
2917.00,0.2846
2916.00,0.2808
2915.00,0.2735
2914.00,0.2637
2913.00,0.2526
2912.00,0.2413
2911.00,0.2304
2910.00,0.2204
2909.00,0.2112
2908.00,0.2026
2907.00,0.1945
2906.00,0.1866
2905.00,0.1788
2904.00,0.1709
2903.00,0.1631
2902.00,0.1555
2901.00,0.1482
2900.00,0.1412
2899.00,0.1346
2898.00,0.1286
2897.00,0.1231
2896.00,0.1183
2895.00,0.1143
2894.00,0.1111
2893.00,0.1087
2892.00,0.1070
2891.00,0.1059
2890.00,0.1055
2889.00,0.1056
2888.00,0.1061
2887.00,0.1070
2886.00,0.1082
2885.00,0.1099
2884.00,0.1120
2883.00,0.1147
2882.00,0.1179
2881.00,0.1214
2880.00,0.1248
2879.00,0.1278
2878.00,0.1299
2877.00,0.1308
2876.00,0.1305
2875.00,0.1297
2874.00,0.1287
2873.00,0.1283
2872.00,0.1287
2871.00,0.1301
2870.00,0.1322
2869.00,0.1345
2868.00,0.1361
2867.00,0.1361
2866.00,0.1336
2865.00,0.1280
2864.00,0.1197
2863.00,0.1096
2862.00,0.0989
2861.00,0.0887
2860.00,0.0798
2859.00,0.0726
2858.00,0.0670
2857.00,0.0628
2856.00,0.0600
2855.00,0.0581
2854.00,0.0571
2853.00,0.0569
2852.00,0.0575
2851.00,0.0587
2850.00,0.0608
2849.00,0.0637
2848.00,0.0675
2847.00,0.0722
2846.00,0.0778
2845.00,0.0843
2844.00,0.0916
2843.00,0.0995
2842.00,0.1075
2841.00,0.1152
2840.00,0.1215
2839.00,0.1257
2838.00,0.1269
2837.00,0.1245
2836.00,0.1185
2835.00,0.1094
2834.00,0.0985
2833.00,0.0869
2832.00,0.0758
2831.00,0.0658
2830.00,0.0575
2829.00,0.0506
2828.00,0.0451
2827.00,0.0407
2826.00,0.0371
2825.00,0.0341
2824.00,0.0316
2823.00,0.0296
2822.00,0.0278
2821.00,0.0263
2820.00,0.0250
2819.00,0.0238
2818.00,0.0228
2817.00,0.0220
2816.00,0.0212
2815.00,0.0205
2814.00,0.0199
2813.00,0.0193
2812.00,0.0188
2811.00,0.0182
2810.00,0.0176
2809.00,0.0170
2808.00,0.0164
2807.00,0.0158
2806.00,0.0151
2805.00,0.0144
2804.00,0.0137
2803.00,0.0131
2802.00,0.0125
2801.00,0.0120
2800.00,0.0117
2799.00,0.0113
2798.00,0.0111
2797.00,0.0108
2796.00,0.0106
2795.00,0.0103
2794.00,0.0100
2793.00,0.0097
2792.00,0.0094
2791.00,0.0091
2790.00,0.0088
2789.00,0.0085
2788.00,0.0083
2787.00,0.0080
2786.00,0.0077
2785.00,0.0075
2784.00,0.0072
2783.00,0.0070
2782.00,0.0068
2781.00,0.0066
2780.00,0.0065
2779.00,0.0063
2778.00,0.0062
2777.00,0.0061
2776.00,0.0059
2775.00,0.0058
2774.00,0.0057
2773.00,0.0056
2772.00,0.0056
2771.00,0.0056
2770.00,0.0055
2769.00,0.0055
2768.00,0.0055
2767.00,0.0055
2766.00,0.0054
2765.00,0.0054
2764.00,0.0053
2763.00,0.0053
2762.00,0.0052
2761.00,0.0051
2760.00,0.0051
2759.00,0.0051
2758.00,0.0051
2757.00,0.0051
2756.00,0.0051
2755.00,0.0051
2754.00,0.0051
2753.00,0.0051
2752.00,0.0051
2751.00,0.0050
2750.00,0.0050
2749.00,0.0050
2748.00,0.0051
2747.00,0.0051
2746.00,0.0051
2745.00,0.0052
2744.00,0.0053
2743.00,0.0054
2742.00,0.0055
2741.00,0.0056
2740.00,0.0058
2739.00,0.0060
2738.00,0.0061
2737.00,0.0063
2736.00,0.0065
2735.00,0.0067
2734.00,0.0068
2733.00,0.0070
2732.00,0.0072
2731.00,0.0074
2730.00,0.0076
2729.00,0.0079
2728.00,0.0081
2727.00,0.0084
2726.00,0.0087
2725.00,0.0090
2724.00,0.0092
2723.00,0.0092
2722.00,0.0092
2721.00,0.0089
2720.00,0.0086
2719.00,0.0083
2718.00,0.0079
2717.00,0.0075
2716.00,0.0071
2715.00,0.0068
2714.00,0.0066
2713.00,0.0064
2712.00,0.0062
2711.00,0.0060
2710.00,0.0058
2709.00,0.0056
2708.00,0.0054
2707.00,0.0053
2706.00,0.0051
2705.00,0.0050
2704.00,0.0049
2703.00,0.0048
2702.00,0.0047
2701.00,0.0046
2700.00,0.0045
2699.00,0.0044
2698.00,0.0044
2697.00,0.0044
2696.00,0.0044
2695.00,0.0044
2694.00,0.0043
2693.00,0.0043
2692.00,0.0043
2691.00,0.0043
2690.00,0.0043
2689.00,0.0043
2688.00,0.0043
2687.00,0.0043
2686.00,0.0044
2685.00,0.0044
2684.00,0.0044
2683.00,0.0044
2682.00,0.0044
2681.00,0.0044
2680.00,0.0044
2679.00,0.0044
2678.00,0.0045
2677.00,0.0044
2676.00,0.0045
2675.00,0.0045
2674.00,0.0045
2673.00,0.0044
2672.00,0.0044
2671.00,0.0043
2670.00,0.0043
2669.00,0.0043
2668.00,0.0043
2667.00,0.0044
2666.00,0.0044
2665.00,0.0045
2664.00,0.0045
2663.00,0.0046
2662.00,0.0047
2661.00,0.0047
2660.00,0.0048
2659.00,0.0047
2658.00,0.0047
2657.00,0.0047
2656.00,0.0046
2655.00,0.0046
2654.00,0.0046
2653.00,0.0045
2652.00,0.0044
2651.00,0.0044
2650.00,0.0043
2649.00,0.0042
2648.00,0.0042
2647.00,0.0042
2646.00,0.0041
2645.00,0.0041
2644.00,0.0040
2643.00,0.0040
2642.00,0.0039
2641.00,0.0039
2640.00,0.0038
2639.00,0.0038
2638.00,0.0038
2637.00,0.0038
2636.00,0.0038
2635.00,0.0038
2634.00,0.0038
2633.00,0.0038
2632.00,0.0038
2631.00,0.0038
2630.00,0.0038
2629.00,0.0038
2628.00,0.0039
2627.00,0.0039
2626.00,0.0039
2625.00,0.0039
2624.00,0.0039
2623.00,0.0039
2622.00,0.0039
2621.00,0.0039
2620.00,0.0040
2619.00,0.0040
2618.00,0.0040
2617.00,0.0040
2616.00,0.0040
2615.00,0.0040
2614.00,0.0040
2613.00,0.0040
2612.00,0.0039
2611.00,0.0039
2610.00,0.0038
2609.00,0.0037
2608.00,0.0037
2607.00,0.0036
2606.00,0.0036
2605.00,0.0035
2604.00,0.0034
2603.00,0.0033
2602.00,0.0032
2601.00,0.0031
2600.00,0.0031
2599.00,0.0031
2598.00,0.0031
2597.00,0.0031
2596.00,0.0032
2595.00,0.0032
2594.00,0.0033
2593.00,0.0034
2592.00,0.0034
2591.00,0.0034
2590.00,0.0035
2589.00,0.0036
2588.00,0.0037
2587.00,0.0038
2586.00,0.0038
2585.00,0.0039
2584.00,0.0040
2583.00,0.0040
2582.00,0.0040
2581.00,0.0040
2580.00,0.0039
2579.00,0.0038
2578.00,0.0037
2577.00,0.0036
2576.00,0.0035
2575.00,0.0033
2574.00,0.0032
2573.00,0.0031
2572.00,0.0029
2571.00,0.0029
2570.00,0.0028
2569.00,0.0028
2568.00,0.0027
2567.00,0.0026
2566.00,0.0025
2565.00,0.0025
2564.00,0.0024
2563.00,0.0024
2562.00,0.0023
2561.00,0.0024
2560.00,0.0024
2559.00,0.0024
2558.00,0.0024
2557.00,0.0024
2556.00,0.0023
2555.00,0.0023
2554.00,0.0023
2553.00,0.0023
2552.00,0.0022
2551.00,0.0021
2550.00,0.0021
2549.00,0.0020
2548.00,0.0019
2547.00,0.0018
2546.00,0.0017
2545.00,0.0017
2544.00,0.0017
2543.00,0.0017
2542.00,0.0017
2541.00,0.0017
2540.00,0.0017
2539.00,0.0016
2538.00,0.0016
2537.00,0.0015
2536.00,0.0015
2535.00,0.0015
2534.00,0.0015
2533.00,0.0015
2532.00,0.0014
2531.00,0.0014
2530.00,0.0014
2529.00,0.0014
2528.00,0.0014
2527.00,0.0014
2526.00,0.0014
2525.00,0.0013
2524.00,0.0013
2523.00,0.0012
2522.00,0.0011
2521.00,0.0011
2520.00,0.0010
2519.00,0.0010
2518.00,0.0010
2517.00,0.0010
2516.00,0.0010
2515.00,0.0010
2514.00,0.0010
2513.00,0.0010
2512.00,0.0010
2511.00,0.0010
2510.00,0.0010
2509.00,0.0010
2508.00,0.0010
2507.00,0.0010
2506.00,0.0010
2505.00,0.0009
2504.00,0.0009
2503.00,0.0009
2502.00,0.0010
2501.00,0.0010
2500.00,0.0011
2499.00,0.0011
2498.00,0.0011
2497.00,0.0010
2496.00,0.0010
2495.00,0.0010
2494.00,0.0010
2493.00,0.0010
2492.00,0.0010
2491.00,0.0010
2490.00,0.0010
2489.00,0.0010
2488.00,0.0010
2487.00,0.0010
2486.00,0.0011
2485.00,0.0011
2484.00,0.0011
2483.00,0.0010
2482.00,0.0010
2481.00,0.0010
2480.00,0.0009
2479.00,0.0009
2478.00,0.0009
2477.00,0.0009
2476.00,0.0009
2475.00,0.0009
2474.00,0.0010
2473.00,0.0010
2472.00,0.0010
2471.00,0.0009
2470.00,0.0008
2469.00,0.0008
2468.00,0.0008
2467.00,0.0007
2466.00,0.0007
2465.00,0.0007
2464.00,0.0007
2463.00,0.0007
2462.00,0.0007
2461.00,0.0008
2460.00,0.0009
2459.00,0.0010
2458.00,0.0010
2457.00,0.0010
2456.00,0.0009
2455.00,0.0009
2454.00,0.0008
2453.00,0.0009
2452.00,0.0009
2451.00,0.0010
2450.00,0.0010
2449.00,0.0010
2448.00,0.0009
2447.00,0.0009
2446.00,0.0008
2445.00,0.0008
2444.00,0.0007
2443.00,0.0007
2442.00,0.0007
2441.00,0.0007
2440.00,0.0008
2439.00,0.0008
2438.00,0.0008
2437.00,0.0008
2436.00,0.0009
2435.00,0.0009
2434.00,0.0009
2433.00,0.0010
2432.00,0.0010
2431.00,0.0010
2430.00,0.0010
2429.00,0.0010
2428.00,0.0010
2427.00,0.0009
2426.00,0.0009
2425.00,0.0009
2424.00,0.0009
2423.00,0.0009
2422.00,0.0010
2421.00,0.0010
2420.00,0.0010
2419.00,0.0010
2418.00,0.0009
2417.00,0.0009
2416.00,0.0009
2415.00,0.0009
2414.00,0.0008
2413.00,0.0008
2412.00,0.0008
2411.00,0.0009
2410.00,0.0009
2409.00,0.0008
2408.00,0.0008
2407.00,0.0007
2406.00,0.0007
2405.00,0.0007
2404.00,0.0007
2403.00,0.0007
2402.00,0.0007
2401.00,0.0008
2400.00,0.0008
2399.00,0.0008
2398.00,0.0008
2397.00,0.0008
2396.00,0.0008
2395.00,0.0008
2394.00,0.0007
2393.00,0.0007
2392.00,0.0007
2391.00,0.0007
2390.00,0.0006
2389.00,0.0006
2388.00,0.0006
2387.00,0.0005
2386.00,0.0005
2385.00,0.0004
2384.00,0.0004
2383.00,0.0003
2382.00,0.0002
2381.00,0.0000
2380.00,-0.0001
2379.00,-0.0002
2378.00,-0.0003
2377.00,-0.0003
2376.00,-0.0002
2375.00,-0.0002
2374.00,-0.0001
2373.00,-0.0001
2372.00,-0.0000
2371.00,-0.0001
2370.00,-0.0001
2369.00,-0.0002
2368.00,-0.0002
2367.00,-0.0003
2366.00,-0.0003
2365.00,-0.0003
2364.00,-0.0003
2363.00,-0.0003
2362.00,-0.0003
2361.00,-0.0003
2360.00,-0.0002
2359.00,-0.0001
2358.00,0.0000
2357.00,0.0001
2356.00,0.0001
2355.00,0.0000
2354.00,0.0000
2353.00,-0.0000
2352.00,-0.0001
2351.00,-0.0001
2350.00,-0.0002
2349.00,-0.0002
2348.00,-0.0001
2347.00,0.0001
2346.00,0.0001
2345.00,0.0001
2344.00,0.0000
2343.00,-0.0000
2342.00,0.0000
2341.00,0.0001
2340.00,0.0002
2339.00,0.0002
2338.00,0.0003
2337.00,0.0003
2336.00,0.0003
2335.00,0.0003
2334.00,0.0003
2333.00,0.0003
2332.00,0.0003
2331.00,0.0002
2330.00,0.0001
2329.00,0.0001
2328.00,0.0003
2327.00,0.0007
2326.00,0.0011
2325.00,0.0015
2324.00,0.0017
2323.00,0.0016
2322.00,0.0014
2321.00,0.0011
2320.00,0.0009
2319.00,0.0007
2318.00,0.0006
2317.00,0.0006
2316.00,0.0007
2315.00,0.0007
2314.00,0.0006
2313.00,0.0005
2312.00,0.0003
2311.00,0.0002
2310.00,0.0001
2309.00,0.0002
2308.00,0.0002
2307.00,0.0003
2306.00,0.0003
2305.00,0.0004
2304.00,0.0003
2303.00,0.0003
2302.00,0.0003
2301.00,0.0003
2300.00,0.0003
2299.00,0.0004
2298.00,0.0005
2297.00,0.0006
2296.00,0.0007
2295.00,0.0008
2294.00,0.0008
2293.00,0.0009
2292.00,0.0010
2291.00,0.0012
2290.00,0.0013
2289.00,0.0015
2288.00,0.0016
2287.00,0.0017
2286.00,0.0017
2285.00,0.0017
2284.00,0.0016
2283.00,0.0015
2282.00,0.0014
2281.00,0.0014
2280.00,0.0014
2279.00,0.0014
2278.00,0.0013
2277.00,0.0013
2276.00,0.0012
2275.00,0.0012
2274.00,0.0013
2273.00,0.0013
2272.00,0.0013
2271.00,0.0013
2270.00,0.0013
2269.00,0.0012
2268.00,0.0011
2267.00,0.0009
2266.00,0.0007
2265.00,0.0006
2264.00,0.0006
2263.00,0.0007
2262.00,0.0009
2261.00,0.0011
2260.00,0.0012
2259.00,0.0012
2258.00,0.0012
2257.00,0.0012
2256.00,0.0012
2255.00,0.0011
2254.00,0.0010
2253.00,0.0009
2252.00,0.0009
2251.00,0.0009
2250.00,0.0009
2249.00,0.0010
2248.00,0.0009
2247.00,0.0008
2246.00,0.0006
2245.00,0.0006
2244.00,0.0006
2243.00,0.0006
2242.00,0.0006
2241.00,0.0005
2240.00,0.0005
2239.00,0.0005
2238.00,0.0005
2237.00,0.0006
2236.00,0.0007
2235.00,0.0009
2234.00,0.0009
2233.00,0.0010
2232.00,0.0009
2231.00,0.0008
2230.00,0.0007
2229.00,0.0007
2228.00,0.0006
2227.00,0.0005
2226.00,0.0005
2225.00,0.0005
2224.00,0.0005
2223.00,0.0005
2222.00,0.0005
2221.00,0.0004
2220.00,0.0004
2219.00,0.0004
2218.00,0.0004
2217.00,0.0005
2216.00,0.0005
2215.00,0.0005
2214.00,0.0005
2213.00,0.0004
2212.00,0.0004
2211.00,0.0003
2210.00,0.0002
2209.00,0.0002
2208.00,0.0002
2207.00,0.0001
2206.00,0.0001
2205.00,0.0000
2204.00,0.0000
2203.00,0.0001
2202.00,0.0003
2201.00,0.0005
2200.00,0.0006
2199.00,0.0005
2198.00,0.0005
2197.00,0.0004
2196.00,0.0004
2195.00,0.0004
2194.00,0.0004
2193.00,0.0005
2192.00,0.0006
2191.00,0.0006
2190.00,0.0006
2189.00,0.0007
2188.00,0.0007
2187.00,0.0007
2186.00,0.0007
2185.00,0.0007
2184.00,0.0006
2183.00,0.0003
2182.00,0.0001
2181.00,-0.0000
2180.00,-0.0000
2179.00,0.0000
2178.00,0.0001
2177.00,0.0000
2176.00,-0.0001
2175.00,-0.0002
2174.00,-0.0001
2173.00,-0.0001
2172.00,0.0000
2171.00,0.0002
2170.00,0.0005
2169.00,0.0010
2168.00,0.0014
2167.00,0.0016
2166.00,0.0016
2165.00,0.0017
2164.00,0.0021
2163.00,0.0024
2162.00,0.0024
2161.00,0.0017
2160.00,0.0003
2159.00,-0.0014
2158.00,-0.0030
2157.00,-0.0038
2156.00,-0.0040
2155.00,-0.0038
2154.00,-0.0034
2153.00,-0.0031
2152.00,-0.0029
2151.00,-0.0027
2150.00,-0.0026
2149.00,-0.0022
2148.00,-0.0017
2147.00,-0.0013
2146.00,-0.0012
2145.00,-0.0012
2144.00,-0.0014
2143.00,-0.0014
2142.00,-0.0014
2141.00,-0.0014
2140.00,-0.0014
2139.00,-0.0015
2138.00,-0.0015
2137.00,-0.0015
2136.00,-0.0015
2135.00,-0.0017
2134.00,-0.0018
2133.00,-0.0018
2132.00,-0.0016
2131.00,-0.0014
2130.00,-0.0012
2129.00,-0.0011
2128.00,-0.0010
2127.00,-0.0010
2126.00,-0.0009
2125.00,-0.0009
2124.00,-0.0009
2123.00,-0.0008
2122.00,-0.0007
2121.00,-0.0006
2120.00,-0.0005
2119.00,-0.0004
2118.00,-0.0002
2117.00,-0.0001
2116.00,0.0001
2115.00,0.0002
2114.00,0.0003
2113.00,0.0003
2112.00,0.0003
2111.00,0.0002
2110.00,0.0001
2109.00,0.0001
2108.00,0.0000
2107.00,-0.0001
2106.00,-0.0002
2105.00,-0.0001
2104.00,0.0001
2103.00,0.0002
2102.00,0.0002
2101.00,0.0001
2100.00,0.0000
2099.00,-0.0000
2098.00,-0.0001
2097.00,-0.0002
2096.00,-0.0002
2095.00,-0.0004
2094.00,-0.0005
2093.00,-0.0005
2092.00,-0.0004
2091.00,-0.0002
2090.00,-0.0001
2089.00,-0.0000
2088.00,-0.0000
2087.00,-0.0001
2086.00,-0.0000
2085.00,0.0000
2084.00,0.0001
2083.00,0.0001
2082.00,0.0002
2081.00,0.0003
2080.00,0.0002
2079.00,0.0001
2078.00,0.0000
2077.00,-0.0001
2076.00,-0.0001
2075.00,-0.0000
2074.00,0.0000
2073.00,-0.0000
2072.00,-0.0001
2071.00,-0.0002
2070.00,-0.0003
2069.00,-0.0004
2068.00,-0.0005
2067.00,-0.0006
2066.00,-0.0006
2065.00,-0.0005
2064.00,-0.0004
2063.00,-0.0002
2062.00,-0.0002
2061.00,-0.0003
2060.00,-0.0004
2059.00,-0.0005
2058.00,-0.0004
2057.00,-0.0002
2056.00,-0.0001
2055.00,-0.0000
2054.00,0.0001
2053.00,0.0004
2052.00,0.0009
2051.00,0.0014
2050.00,0.0014
2049.00,0.0011
2048.00,0.0006
2047.00,0.0002
2046.00,-0.0001
2045.00,-0.0003
2044.00,-0.0005
2043.00,-0.0005
2042.00,-0.0004
2041.00,-0.0002
2040.00,-0.0000
2039.00,-0.0000
2038.00,-0.0001
2037.00,-0.0002
2036.00,-0.0003
2035.00,-0.0003
2034.00,-0.0004
2033.00,-0.0005
2032.00,-0.0006
2031.00,-0.0006
2030.00,-0.0005
2029.00,-0.0005
2028.00,-0.0005
2027.00,-0.0006
2026.00,-0.0008
2025.00,-0.0011
2024.00,-0.0014
2023.00,-0.0016
2022.00,-0.0015
2021.00,-0.0014
2020.00,-0.0012
2019.00,-0.0012
2018.00,-0.0010
2017.00,-0.0008
2016.00,-0.0006
2015.00,-0.0007
2014.00,-0.0010
2013.00,-0.0013
2012.00,-0.0014
2011.00,-0.0015
2010.00,-0.0016
2009.00,-0.0018
2008.00,-0.0019
2007.00,-0.0020
2006.00,-0.0020
2005.00,-0.0018
2004.00,-0.0016
2003.00,-0.0015
2002.00,-0.0016
2001.00,-0.0018
2000.00,-0.0018
1999.00,-0.0017
1998.00,-0.0014
1997.00,-0.0012
1996.00,-0.0012
1995.00,-0.0014
1994.00,-0.0015
1993.00,-0.0014
1992.00,-0.0012
1991.00,-0.0010
1990.00,-0.0009
1989.00,-0.0007
1988.00,-0.0006
1987.00,-0.0006
1986.00,-0.0007
1985.00,-0.0006
1984.00,-0.0005
1983.00,-0.0002
1982.00,0.0002
1981.00,0.0006
1980.00,0.0009
1979.00,0.0007
1978.00,0.0001
1977.00,-0.0006
1976.00,-0.0011
1975.00,-0.0015
1974.00,-0.0018
1973.00,-0.0019
1972.00,-0.0017
1971.00,-0.0015
1970.00,-0.0015
1969.00,-0.0015
1968.00,-0.0017
1967.00,-0.0018
1966.00,-0.0020
1965.00,-0.0020
1964.00,-0.0020
1963.00,-0.0020
1962.00,-0.0021
1961.00,-0.0022
1960.00,-0.0024
1959.00,-0.0026
1958.00,-0.0026
1957.00,-0.0024
1956.00,-0.0021
1955.00,-0.0019
1954.00,-0.0019
1953.00,-0.0020
1952.00,-0.0021
1951.00,-0.0024
1950.00,-0.0026
1949.00,-0.0027
1948.00,-0.0026
1947.00,-0.0025
1946.00,-0.0023
1945.00,-0.0021
1944.00,-0.0019
1943.00,-0.0016
1942.00,-0.0015
1941.00,-0.0014
1940.00,-0.0014
1939.00,-0.0015
1938.00,-0.0017
1937.00,-0.0017
1936.00,-0.0016
1935.00,-0.0014
1934.00,-0.0012
1933.00,-0.0012
1932.00,-0.0012
1931.00,-0.0012
1930.00,-0.0013
1929.00,-0.0014
1928.00,-0.0014
1927.00,-0.0014
1926.00,-0.0014
1925.00,-0.0013
1924.00,-0.0012
1923.00,-0.0011
1922.00,-0.0010
1921.00,-0.0009
1920.00,-0.0008
1919.00,-0.0007
1918.00,-0.0007
1917.00,-0.0007
1916.00,-0.0008
1915.00,-0.0008
1914.00,-0.0008
1913.00,-0.0008
1912.00,-0.0008
1911.00,-0.0008
1910.00,-0.0008
1909.00,-0.0008
1908.00,-0.0007
1907.00,-0.0007
1906.00,-0.0007
1905.00,-0.0006
1904.00,-0.0005
1903.00,-0.0006
1902.00,-0.0007
1901.00,-0.0007
1900.00,-0.0008
1899.00,-0.0007
1898.00,-0.0007
1897.00,-0.0006
1896.00,-0.0005
1895.00,-0.0004
1894.00,-0.0003
1893.00,-0.0003
1892.00,-0.0003
1891.00,-0.0003
1890.00,-0.0003
1889.00,-0.0003
1888.00,-0.0003
1887.00,-0.0003
1886.00,-0.0004
1885.00,-0.0004
1884.00,-0.0004
1883.00,-0.0005
1882.00,-0.0005
1881.00,-0.0006
1880.00,-0.0006
1879.00,-0.0006
1878.00,-0.0006
1877.00,-0.0005
1876.00,-0.0004
1875.00,-0.0003
1874.00,-0.0003
1873.00,-0.0003
1872.00,-0.0003
1871.00,-0.0004
1870.00,-0.0004
1869.00,-0.0004
1868.00,-0.0003
1867.00,-0.0002
1866.00,-0.0002
1865.00,-0.0003
1864.00,-0.0003
1863.00,-0.0003
1862.00,-0.0002
1861.00,-0.0002
1860.00,-0.0001
1859.00,-0.0001
1858.00,-0.0001
1857.00,-0.0001
1856.00,-0.0002
1855.00,-0.0002
1854.00,-0.0001
1853.00,-0.0001
1852.00,-0.0000
1851.00,0.0000
1850.00,-0.0000
1849.00,-0.0000
1848.00,-0.0001
1847.00,-0.0001
1846.00,-0.0001
1845.00,-0.0001
1844.00,-0.0001
1843.00,-0.0000
1842.00,-0.0000
1841.00,-0.0000
1840.00,-0.0000
1839.00,-0.0001
1838.00,-0.0001
1837.00,-0.0001
1836.00,-0.0000
1835.00,0.0000
1834.00,0.0001
1833.00,0.0001
1832.00,0.0001
1831.00,0.0001
1830.00,0.0001
1829.00,0.0002
1828.00,0.0002
1827.00,0.0002
1826.00,0.0001
1825.00,0.0001
1824.00,0.0001
1823.00,0.0001
1822.00,0.0001
1821.00,0.0001
1820.00,0.0000
1819.00,-0.0001
1818.00,-0.0002
1817.00,-0.0003
1816.00,-0.0002
1815.00,-0.0002
1814.00,-0.0001
1813.00,-0.0001
1812.00,0.0000
1811.00,0.0001
1810.00,0.0001
1809.00,0.0002
1808.00,0.0002
1807.00,0.0001
1806.00,0.0001
1805.00,0.0002
1804.00,0.0002
1803.00,0.0002
1802.00,0.0002
1801.00,0.0003
1800.00,0.0003
1799.00,0.0003
1798.00,0.0003
1797.00,0.0003
1796.00,0.0003
1795.00,0.0004
1794.00,0.0005
1793.00,0.0006
1792.00,0.0006
1791.00,0.0006
1790.00,0.0006
1789.00,0.0006
1788.00,0.0006
1787.00,0.0006
1786.00,0.0005
1785.00,0.0006
1784.00,0.0006
1783.00,0.0006
1782.00,0.0006
1781.00,0.0005
1780.00,0.0005
1779.00,0.0004
1778.00,0.0004
1777.00,0.0005
1776.00,0.0005
1775.00,0.0005
1774.00,0.0006
1773.00,0.0006
1772.00,0.0007
1771.00,0.0007
1770.00,0.0006
1769.00,0.0006
1768.00,0.0006
1767.00,0.0006
1766.00,0.0007
1765.00,0.0007
1764.00,0.0008
1763.00,0.0008
1762.00,0.0009
1761.00,0.0010
1760.00,0.0010
1759.00,0.0011
1758.00,0.0011
1757.00,0.0011
1756.00,0.0011
1755.00,0.0012
1754.00,0.0012
1753.00,0.0013
1752.00,0.0014
1751.00,0.0014
1750.00,0.0014
1749.00,0.0014
1748.00,0.0015
1747.00,0.0015
1746.00,0.0014
1745.00,0.0014
1744.00,0.0014
1743.00,0.0014
1742.00,0.0015
1741.00,0.0016
1740.00,0.0016
1739.00,0.0016
1738.00,0.0016
1737.00,0.0016
1736.00,0.0016
1735.00,0.0016
1734.00,0.0016
1733.00,0.0016
1732.00,0.0017
1731.00,0.0017
1730.00,0.0017
1729.00,0.0017
1728.00,0.0017
1727.00,0.0017
1726.00,0.0017
1725.00,0.0017
1724.00,0.0016
1723.00,0.0016
1722.00,0.0017
1721.00,0.0017
1720.00,0.0018
1719.00,0.0019
1718.00,0.0019
1717.00,0.0020
1716.00,0.0020
1715.00,0.0019
1714.00,0.0019
1713.00,0.0019
1712.00,0.0019
1711.00,0.0019
1710.00,0.0019
1709.00,0.0019
1708.00,0.0020
1707.00,0.0020
1706.00,0.0020
1705.00,0.0021
1704.00,0.0021
1703.00,0.0021
1702.00,0.0021
1701.00,0.0022
1700.00,0.0023
1699.00,0.0023
1698.00,0.0024
1697.00,0.0024
1696.00,0.0024
1695.00,0.0024
1694.00,0.0024
1693.00,0.0025
1692.00,0.0025
1691.00,0.0025
1690.00,0.0026
1689.00,0.0026
1688.00,0.0027
1687.00,0.0028
1686.00,0.0028
1685.00,0.0028
1684.00,0.0028
1683.00,0.0028
1682.00,0.0029
1681.00,0.0029
1680.00,0.0030
1679.00,0.0030
1678.00,0.0031
1677.00,0.0031
1676.00,0.0031
1675.00,0.0032
1674.00,0.0033
1673.00,0.0034
1672.00,0.0034
1671.00,0.0035
1670.00,0.0035
1669.00,0.0036
1668.00,0.0037
1667.00,0.0037
1666.00,0.0037
1665.00,0.0038
1664.00,0.0038
1663.00,0.0039
1662.00,0.0040
1661.00,0.0041
1660.00,0.0043
1659.00,0.0044
1658.00,0.0045
1657.00,0.0046
1656.00,0.0047
1655.00,0.0048
1654.00,0.0050
1653.00,0.0051
1652.00,0.0053
1651.00,0.0054
1650.00,0.0054
1649.00,0.0055
1648.00,0.0056
1647.00,0.0058
1646.00,0.0059
1645.00,0.0060
1644.00,0.0061
1643.00,0.0062
1642.00,0.0063
1641.00,0.0064
1640.00,0.0065
1639.00,0.0065
1638.00,0.0065
1637.00,0.0065
1636.00,0.0065
1635.00,0.0064
1634.00,0.0064
1633.00,0.0064
1632.00,0.0064
1631.00,0.0063
1630.00,0.0062
1629.00,0.0061
1628.00,0.0061
1627.00,0.0060
1626.00,0.0059
1625.00,0.0059
1624.00,0.0058
1623.00,0.0057
1622.00,0.0056
1621.00,0.0056
1620.00,0.0056
1619.00,0.0056
1618.00,0.0056
1617.00,0.0056
1616.00,0.0056
1615.00,0.0056
1614.00,0.0056
1613.00,0.0056
1612.00,0.0056
1611.00,0.0056
1610.00,0.0056
1609.00,0.0057
1608.00,0.0057
1607.00,0.0057
1606.00,0.0057
1605.00,0.0057
1604.00,0.0057
1603.00,0.0056
1602.00,0.0055
1601.00,0.0054
1600.00,0.0054
1599.00,0.0054
1598.00,0.0054
1597.00,0.0053
1596.00,0.0053
1595.00,0.0052
1594.00,0.0052
1593.00,0.0051
1592.00,0.0050
1591.00,0.0050
1590.00,0.0050
1589.00,0.0050
1588.00,0.0050
1587.00,0.0050
1586.00,0.0050
1585.00,0.0051
1584.00,0.0051
1583.00,0.0052
1582.00,0.0052
1581.00,0.0051
1580.00,0.0051
1579.00,0.0050
1578.00,0.0049
1577.00,0.0048
1576.00,0.0048
1575.00,0.0047
1574.00,0.0047
1573.00,0.0046
1572.00,0.0045
1571.00,0.0044
1570.00,0.0045
1569.00,0.0045
1568.00,0.0047
1567.00,0.0047
1566.00,0.0048
1565.00,0.0048
1564.00,0.0048
1563.00,0.0048
1562.00,0.0048
1561.00,0.0048
1560.00,0.0048
1559.00,0.0048
1558.00,0.0047
1557.00,0.0048
1556.00,0.0049
1555.00,0.0049
1554.00,0.0050
1553.00,0.0051
1552.00,0.0052
1551.00,0.0053
1550.00,0.0054
1549.00,0.0055
1548.00,0.0056
1547.00,0.0057
1546.00,0.0058
1545.00,0.0060
1544.00,0.0062
1543.00,0.0064
1542.00,0.0066
1541.00,0.0068
1540.00,0.0070
1539.00,0.0072
1538.00,0.0073
1537.00,0.0074
1536.00,0.0075
1535.00,0.0075
1534.00,0.0075
1533.00,0.0075
1532.00,0.0075
1531.00,0.0074
1530.00,0.0073
1529.00,0.0072
1528.00,0.0072
1527.00,0.0070
1526.00,0.0069
1525.00,0.0068
1524.00,0.0067
1523.00,0.0065
1522.00,0.0064
1521.00,0.0063
1520.00,0.0063
1519.00,0.0061
1518.00,0.0060
1517.00,0.0059
1516.00,0.0059
1515.00,0.0059
1514.00,0.0059
1513.00,0.0060
1512.00,0.0061
1511.00,0.0061
1510.00,0.0061
1509.00,0.0061
1508.00,0.0062
1507.00,0.0062
1506.00,0.0063
1505.00,0.0065
1504.00,0.0068
1503.00,0.0069
1502.00,0.0070
1501.00,0.0073
1500.00,0.0076
1499.00,0.0080
1498.00,0.0085
1497.00,0.0091
1496.00,0.0099
1495.00,0.0104
1494.00,0.0107
1493.00,0.0110
1492.00,0.0112
1491.00,0.0113
1490.00,0.0113
1489.00,0.0114
1488.00,0.0117
1487.00,0.0119
1486.00,0.0122
1485.00,0.0127
1484.00,0.0133
1483.00,0.0140
1482.00,0.0147
1481.00,0.0157
1480.00,0.0167
1479.00,0.0179
1478.00,0.0193
1477.00,0.0213
1476.00,0.0236
1475.00,0.0263
1474.00,0.0298
1473.00,0.0351
1472.00,0.0417
1471.00,0.0483
1470.00,0.0547
1469.00,0.0615
1468.00,0.0689
1467.00,0.0772
1466.00,0.0866
1465.00,0.0969
1464.00,0.1061
1463.00,0.1128
1462.00,0.1174
1461.00,0.1206
1460.00,0.1229
1459.00,0.1246
1458.00,0.1260
1457.00,0.1270
1456.00,0.1271
1455.00,0.1265
1454.00,0.1254
1453.00,0.1239
1452.00,0.1212
1451.00,0.1172
1450.00,0.1116
1449.00,0.1037
1448.00,0.0938
1447.00,0.0833
1446.00,0.0739
1445.00,0.0661
1444.00,0.0594
1443.00,0.0541
1442.00,0.0501
1441.00,0.0476
1440.00,0.0461
1439.00,0.0457
1438.00,0.0461
1437.00,0.0465
1436.00,0.0456
1435.00,0.0429
1434.00,0.0389
1433.00,0.0340
1432.00,0.0289
1431.00,0.0245
1430.00,0.0212
1429.00,0.0188
1428.00,0.0172
1427.00,0.0162
1426.00,0.0156
1425.00,0.0150
1424.00,0.0145
1423.00,0.0143
1422.00,0.0142
1421.00,0.0140
1420.00,0.0138
1419.00,0.0137
1418.00,0.0135
1417.00,0.0133
1416.00,0.0131
1415.00,0.0129
1414.00,0.0128
1413.00,0.0126
1412.00,0.0124
1411.00,0.0122
1410.00,0.0122
1409.00,0.0121
1408.00,0.0120
1407.00,0.0120
1406.00,0.0120
1405.00,0.0120
1404.00,0.0119
1403.00,0.0120
1402.00,0.0121
1401.00,0.0122
1400.00,0.0123
1399.00,0.0125
1398.00,0.0127
1397.00,0.0129
1396.00,0.0130
1395.00,0.0134
1394.00,0.0140
1393.00,0.0146
1392.00,0.0153
1391.00,0.0163
1390.00,0.0177
1389.00,0.0195
1388.00,0.0222
1387.00,0.0262
1386.00,0.0315
1385.00,0.0382
1384.00,0.0470
1383.00,0.0588
1382.00,0.0744
1381.00,0.0946
1380.00,0.1199
1379.00,0.1497
1378.00,0.1798
1377.00,0.2037
1376.00,0.2143
1375.00,0.2067
1374.00,0.1826
1373.00,0.1514
1372.00,0.1219
1371.00,0.0972
1370.00,0.0774
1369.00,0.0623
1368.00,0.0519
1367.00,0.0455
1366.00,0.0421
1365.00,0.0408
1364.00,0.0411
1363.00,0.0427
1362.00,0.0452
1361.00,0.0479
1360.00,0.0500
1359.00,0.0506
1358.00,0.0493
1357.00,0.0463
1356.00,0.0419
1355.00,0.0369
1354.00,0.0322
1353.00,0.0281
1352.00,0.0249
1351.00,0.0222
1350.00,0.0202
1349.00,0.0185
1348.00,0.0172
1347.00,0.0162
1346.00,0.0153
1345.00,0.0147
1344.00,0.0142
1343.00,0.0138
1342.00,0.0135
1341.00,0.0132
1340.00,0.0130
1339.00,0.0128
1338.00,0.0126
1337.00,0.0124
1336.00,0.0125
1335.00,0.0127
1334.00,0.0130
1333.00,0.0135
1332.00,0.0140
1331.00,0.0144
1330.00,0.0146
1329.00,0.0144
1328.00,0.0140
1327.00,0.0134
1326.00,0.0126
1325.00,0.0118
1324.00,0.0112
1323.00,0.0107
1322.00,0.0102
1321.00,0.0099
1320.00,0.0096
1319.00,0.0093
1318.00,0.0090
1317.00,0.0088
1316.00,0.0087
1315.00,0.0086
1314.00,0.0085
1313.00,0.0085
1312.00,0.0086
1311.00,0.0088
1310.00,0.0092
1309.00,0.0097
1308.00,0.0106
1307.00,0.0116
1306.00,0.0126
1305.00,0.0133
1304.00,0.0136
1303.00,0.0135
1302.00,0.0132
1301.00,0.0130
1300.00,0.0129
1299.00,0.0130
1298.00,0.0132
1297.00,0.0133
1296.00,0.0132
1295.00,0.0130
1294.00,0.0126
1293.00,0.0120
1292.00,0.0113
1291.00,0.0107
1290.00,0.0102
1289.00,0.0097
1288.00,0.0094
1287.00,0.0091
1286.00,0.0088
1285.00,0.0086
1284.00,0.0084
1283.00,0.0082
1282.00,0.0081
1281.00,0.0079
1280.00,0.0078
1279.00,0.0077
1278.00,0.0076
1277.00,0.0075
1276.00,0.0075
1275.00,0.0074
1274.00,0.0074
1273.00,0.0074
1272.00,0.0074
1271.00,0.0074
1270.00,0.0075
1269.00,0.0075
1268.00,0.0076
1267.00,0.0077
1266.00,0.0078
1265.00,0.0080
1264.00,0.0082
1263.00,0.0085
1262.00,0.0088
1261.00,0.0092
1260.00,0.0097
1259.00,0.0103
1258.00,0.0110
1257.00,0.0116
1256.00,0.0120
1255.00,0.0119
1254.00,0.0115
1253.00,0.0109
1252.00,0.0103
1251.00,0.0098
1250.00,0.0094
1249.00,0.0091
1248.00,0.0089
1247.00,0.0088
1246.00,0.0086
1245.00,0.0085
1244.00,0.0085
1243.00,0.0085
1242.00,0.0084
1241.00,0.0084
1240.00,0.0083
1239.00,0.0082
1238.00,0.0081
1237.00,0.0080
1236.00,0.0078
1235.00,0.0078
1234.00,0.0077
1233.00,0.0077
1232.00,0.0078
1231.00,0.0078
1230.00,0.0079
1229.00,0.0080
1228.00,0.0081
1227.00,0.0082
1226.00,0.0084
1225.00,0.0086
1224.00,0.0089
1223.00,0.0093
1222.00,0.0097
1221.00,0.0100
1220.00,0.0102
1219.00,0.0103
1218.00,0.0103
1217.00,0.0100
1216.00,0.0097
1215.00,0.0094
1214.00,0.0090
1213.00,0.0087
1212.00,0.0084
1211.00,0.0082
1210.00,0.0080
1209.00,0.0077
1208.00,0.0075
1207.00,0.0073
1206.00,0.0071
1205.00,0.0070
1204.00,0.0070
1203.00,0.0070
1202.00,0.0070
1201.00,0.0070
1200.00,0.0070
1199.00,0.0069
1198.00,0.0069
1197.00,0.0068
1196.00,0.0068
1195.00,0.0067
1194.00,0.0067
1193.00,0.0067
1192.00,0.0067
1191.00,0.0067
1190.00,0.0067
1189.00,0.0067
1188.00,0.0067
1187.00,0.0068
1186.00,0.0069
1185.00,0.0070
1184.00,0.0071
1183.00,0.0073
1182.00,0.0074
1181.00,0.0077
1180.00,0.0080
1179.00,0.0084
1178.00,0.0090
1177.00,0.0097
1176.00,0.0107
1175.00,0.0122
1174.00,0.0140
1173.00,0.0163
1172.00,0.0190
1171.00,0.0220
1170.00,0.0248
1169.00,0.0272
1168.00,0.0286
1167.00,0.0291
1166.00,0.0286
1165.00,0.0275
1164.00,0.0261
1163.00,0.0247
1162.00,0.0233
1161.00,0.0221
1160.00,0.0211
1159.00,0.0204
1158.00,0.0199
1157.00,0.0197
1156.00,0.0195
1155.00,0.0194
1154.00,0.0193
1153.00,0.0190
1152.00,0.0186
1151.00,0.0180
1150.00,0.0171
1149.00,0.0162
1148.00,0.0153
1147.00,0.0144
1146.00,0.0135
1145.00,0.0127
1144.00,0.0120
1143.00,0.0114
1142.00,0.0107
1141.00,0.0102
1140.00,0.0096
1139.00,0.0092
1138.00,0.0088
1137.00,0.0085
1136.00,0.0082
1135.00,0.0080
1134.00,0.0078
1133.00,0.0077
1132.00,0.0076
1131.00,0.0075
1130.00,0.0076
1129.00,0.0077
1128.00,0.0078
1127.00,0.0080
1126.00,0.0081
1125.00,0.0080
1124.00,0.0080
1123.00,0.0079
1122.00,0.0080
1121.00,0.0080
1120.00,0.0081
1119.00,0.0082
1118.00,0.0083
1117.00,0.0084
1116.00,0.0085
1115.00,0.0087
1114.00,0.0088
1113.00,0.0089
1112.00,0.0092
1111.00,0.0095
1110.00,0.0099
1109.00,0.0104
1108.00,0.0110
1107.00,0.0117
1106.00,0.0125
1105.00,0.0133
1104.00,0.0140
1103.00,0.0144
1102.00,0.0144
1101.00,0.0141
1100.00,0.0136
1099.00,0.0130
1098.00,0.0123
1097.00,0.0117
1096.00,0.0111
1095.00,0.0106
1094.00,0.0103
1093.00,0.0100
1092.00,0.0098
1091.00,0.0095
1090.00,0.0093
1089.00,0.0090
1088.00,0.0089
1087.00,0.0088
1086.00,0.0087
1085.00,0.0087
1084.00,0.0087
1083.00,0.0086
1082.00,0.0086
1081.00,0.0085
1080.00,0.0083
1079.00,0.0082
1078.00,0.0081
1077.00,0.0079
1076.00,0.0078
1075.00,0.0078
1074.00,0.0078
1073.00,0.0078
1072.00,0.0078
1071.00,0.0079
1070.00,0.0081
1069.00,0.0082
1068.00,0.0082
1067.00,0.0082
1066.00,0.0081
1065.00,0.0080
1064.00,0.0080
1063.00,0.0080
1062.00,0.0080
1061.00,0.0080
1060.00,0.0081
1059.00,0.0081
1058.00,0.0082
1057.00,0.0083
1056.00,0.0084
1055.00,0.0085
1054.00,0.0086
1053.00,0.0087
1052.00,0.0088
1051.00,0.0090
1050.00,0.0091
1049.00,0.0093
1048.00,0.0095
1047.00,0.0098
1046.00,0.0100
1045.00,0.0102
1044.00,0.0103
1043.00,0.0102
1042.00,0.0100
1041.00,0.0098
1040.00,0.0096
1039.00,0.0095
1038.00,0.0094
1037.00,0.0093
1036.00,0.0093
1035.00,0.0092
1034.00,0.0092
1033.00,0.0092
1032.00,0.0092
1031.00,0.0092
1030.00,0.0093
1029.00,0.0093
1028.00,0.0092
1027.00,0.0091
1026.00,0.0090
1025.00,0.0090
1024.00,0.0090
1023.00,0.0090
1022.00,0.0090
1021.00,0.0091
1020.00,0.0092
1019.00,0.0093
1018.00,0.0095
1017.00,0.0096
1016.00,0.0098
1015.00,0.0101
1014.00,0.0103
1013.00,0.0106
1012.00,0.0109
1011.00,0.0112
1010.00,0.0115
1009.00,0.0118
1008.00,0.0122
1007.00,0.0128
1006.00,0.0136
1005.00,0.0147
1004.00,0.0162
1003.00,0.0181
1002.00,0.0206
1001.00,0.0236
1000.00,0.0267
999.00,0.0292
998.00,0.0303
997.00,0.0297
996.00,0.0275
995.00,0.0244
994.00,0.0210
993.00,0.0181
992.00,0.0157
991.00,0.0139
990.00,0.0126
989.00,0.0118
988.00,0.0112
987.00,0.0109
986.00,0.0109
985.00,0.0111
984.00,0.0115
983.00,0.0123
982.00,0.0134
981.00,0.0150
980.00,0.0171
979.00,0.0198
978.00,0.0231
977.00,0.0270
976.00,0.0311
975.00,0.0349
974.00,0.0376
973.00,0.0384
972.00,0.0371
971.00,0.0338
970.00,0.0293
969.00,0.0248
968.00,0.0207
967.00,0.0175
966.00,0.0152
965.00,0.0134
964.00,0.0122
963.00,0.0113
962.00,0.0107
961.00,0.0101
960.00,0.0097
959.00,0.0092
958.00,0.0089
957.00,0.0087
956.00,0.0086
955.00,0.0084
954.00,0.0082
953.00,0.0080
952.00,0.0079
951.00,0.0078
950.00,0.0077
949.00,0.0077
948.00,0.0078
947.00,0.0080
946.00,0.0082
945.00,0.0085
944.00,0.0089
943.00,0.0094
942.00,0.0097
941.00,0.0099
940.00,0.0099
939.00,0.0096
938.00,0.0091
937.00,0.0086
936.00,0.0080
935.00,0.0075
934.00,0.0072
933.00,0.0070
932.00,0.0069
931.00,0.0067
930.00,0.0065
929.00,0.0063
928.00,0.0062
927.00,0.0062
926.00,0.0063
925.00,0.0064
924.00,0.0064
923.00,0.0065
922.00,0.0066
921.00,0.0067
920.00,0.0068
919.00,0.0069
918.00,0.0071
917.00,0.0071
916.00,0.0072
915.00,0.0072
914.00,0.0072
913.00,0.0072
912.00,0.0072
911.00,0.0073
910.00,0.0074
909.00,0.0076
908.00,0.0079
907.00,0.0084
906.00,0.0092
905.00,0.0104
904.00,0.0120
903.00,0.0141
902.00,0.0164
901.00,0.0186
900.00,0.0201
899.00,0.0205
898.00,0.0197
897.00,0.0179
896.00,0.0157
895.00,0.0135
894.00,0.0118
893.00,0.0104
892.00,0.0095
891.00,0.0089
890.00,0.0084
889.00,0.0080
888.00,0.0076
887.00,0.0074
886.00,0.0073
885.00,0.0073
884.00,0.0073
883.00,0.0073
882.00,0.0072
881.00,0.0071
880.00,0.0071
879.00,0.0071
878.00,0.0073
877.00,0.0074
876.00,0.0074
875.00,0.0074
874.00,0.0073
873.00,0.0072
872.00,0.0072
871.00,0.0073
870.00,0.0074
869.00,0.0074
868.00,0.0074
867.00,0.0073
866.00,0.0072
865.00,0.0073
864.00,0.0073
863.00,0.0074
862.00,0.0076
861.00,0.0078
860.00,0.0080
859.00,0.0081
858.00,0.0082
857.00,0.0082
856.00,0.0083
855.00,0.0085
854.00,0.0088
853.00,0.0090
852.00,0.0093
851.00,0.0096
850.00,0.0100
849.00,0.0107
848.00,0.0117
847.00,0.0131
846.00,0.0150
845.00,0.0178
844.00,0.0213
843.00,0.0252
842.00,0.0280
841.00,0.0285
840.00,0.0266
839.00,0.0231
838.00,0.0195
837.00,0.0166
836.00,0.0147
835.00,0.0136
834.00,0.0128
833.00,0.0123
832.00,0.0119
831.00,0.0115
830.00,0.0113
829.00,0.0110
828.00,0.0109
827.00,0.0107
826.00,0.0106
825.00,0.0105
824.00,0.0104
823.00,0.0104
822.00,0.0105
821.00,0.0105
820.00,0.0107
819.00,0.0110
818.00,0.0115
817.00,0.0122
816.00,0.0132
815.00,0.0143
814.00,0.0157
813.00,0.0173
812.00,0.0192
811.00,0.0210
810.00,0.0224
809.00,0.0231
808.00,0.0229
807.00,0.0217
806.00,0.0200
805.00,0.0181
804.00,0.0163
803.00,0.0148
802.00,0.0136
801.00,0.0127
800.00,0.0119
799.00,0.0112
798.00,0.0107
797.00,0.0102
796.00,0.0098
795.00,0.0094
794.00,0.0089
793.00,0.0085
792.00,0.0082
791.00,0.0081
790.00,0.0080
789.00,0.0079
788.00,0.0078
787.00,0.0076
786.00,0.0074
785.00,0.0072
784.00,0.0071
783.00,0.0070
782.00,0.0068
781.00,0.0066
780.00,0.0064
779.00,0.0062
778.00,0.0062
777.00,0.0062
776.00,0.0064
775.00,0.0065
774.00,0.0067
773.00,0.0069
772.00,0.0071
771.00,0.0074
770.00,0.0076
769.00,0.0078
768.00,0.0079
767.00,0.0079
766.00,0.0078
765.00,0.0078
764.00,0.0077
763.00,0.0076
762.00,0.0074
761.00,0.0072
760.00,0.0069
759.00,0.0066
758.00,0.0063
757.00,0.0061
756.00,0.0060
755.00,0.0059
754.00,0.0058
753.00,0.0057
752.00,0.0056
751.00,0.0055
750.00,0.0055
749.00,0.0056
748.00,0.0056
747.00,0.0057
746.00,0.0057
745.00,0.0057
744.00,0.0058
743.00,0.0058
742.00,0.0059
741.00,0.0061
740.00,0.0063
739.00,0.0065
738.00,0.0067
737.00,0.0068
736.00,0.0068
735.00,0.0069
734.00,0.0069
733.00,0.0069
732.00,0.0068
731.00,0.0068
730.00,0.0067
729.00,0.0067
728.00,0.0067
727.00,0.0067
726.00,0.0068
725.00,0.0068
724.00,0.0068
723.00,0.0067
722.00,0.0066
721.00,0.0065
720.00,0.0064
719.00,0.0063
718.00,0.0061
717.00,0.0059
716.00,0.0057
715.00,0.0055
714.00,0.0054
713.00,0.0054
712.00,0.0054
711.00,0.0055
710.00,0.0056
709.00,0.0058
708.00,0.0059
707.00,0.0058
706.00,0.0057
705.00,0.0056
704.00,0.0056
703.00,0.0057
702.00,0.0057
701.00,0.0056
700.00,0.0054
699.00,0.0051
698.00,0.0048
697.00,0.0047
696.00,0.0048
695.00,0.0050
694.00,0.0051
693.00,0.0051
692.00,0.0052
691.00,0.0052
690.00,0.0052
689.00,0.0052
688.00,0.0052
687.00,0.0053
686.00,0.0053
685.00,0.0053
684.00,0.0052
683.00,0.0052
682.00,0.0052
681.00,0.0052
680.00,0.0052
679.00,0.0054
678.00,0.0056
677.00,0.0056
676.00,0.0054
675.00,0.0051
674.00,0.0050
673.00,0.0051
672.00,0.0051
671.00,0.0051
670.00,0.0050
669.00,0.0052
668.00,0.0057
667.00,0.0062
666.00,0.0062
665.00,0.0059
664.00,0.0055
663.00,0.0052
662.00,0.0050
661.00,0.0049
660.00,0.0051
659.00,0.0053
658.00,0.0053
657.00,0.0053
656.00,0.0052
655.00,0.0050
654.00,0.0049
653.00,0.0049
652.00,0.0050
651.00,0.0051
650.00,0.0053
649.00,0.0053
648.00,0.0053
647.00,0.0052
646.00,0.0051
645.00,0.0051
644.00,0.0053
643.00,0.0056
642.00,0.0056
641.00,0.0055
640.00,0.0053
639.00,0.0052
638.00,0.0053
637.00,0.0054
636.00,0.0054
635.00,0.0054
634.00,0.0055
633.00,0.0056
632.00,0.0057
631.00,0.0057
630.00,0.0056
629.00,0.0053
628.00,0.0051
627.00,0.0050
626.00,0.0049
625.00,0.0050
624.00,0.0052
623.00,0.0054
622.00,0.0056
621.00,0.0058
620.00,0.0059
619.00,0.0060
618.00,0.0059
617.00,0.0059
616.00,0.0059
615.00,0.0059
614.00,0.0058
613.00,0.0057
612.00,0.0057
611.00,0.0057
610.00,0.0058
609.00,0.0058
608.00,0.0058
607.00,0.0057
606.00,0.0054
605.00,0.0052
604.00,0.0052
603.00,0.0055
602.00,0.0058
601.00,0.0058
600.00,0.0056
599.00,0.0055
598.00,0.0056
597.00,0.0058
596.00,0.0060
595.00,0.0061
594.00,0.0062
593.00,0.0063
592.00,0.0063
591.00,0.0062
590.00,0.0062
589.00,0.0061
588.00,0.0060
587.00,0.0060
586.00,0.0060
585.00,0.0059
584.00,0.0059
583.00,0.0059
582.00,0.0060
581.00,0.0061
580.00,0.0061
579.00,0.0060
578.00,0.0059
577.00,0.0059
576.00,0.0061
575.00,0.0063
574.00,0.0065
573.00,0.0065
572.00,0.0063
571.00,0.0062
570.00,0.0061
569.00,0.0061
568.00,0.0062
567.00,0.0063
566.00,0.0063
565.00,0.0063
564.00,0.0063
563.00,0.0064
562.00,0.0065
561.00,0.0067
560.00,0.0069
559.00,0.0069
558.00,0.0069
557.00,0.0068
556.00,0.0066
555.00,0.0063
554.00,0.0058
553.00,0.0056
552.00,0.0058
551.00,0.0061
550.00,0.0063
549.00,0.0064
548.00,0.0064
547.00,0.0064
546.00,0.0065
545.00,0.0065
544.00,0.0066
543.00,0.0068
542.00,0.0070
541.00,0.0071
540.00,0.0071
539.00,0.0071
538.00,0.0071
537.00,0.0073
536.00,0.0075
535.00,0.0077
534.00,0.0077
533.00,0.0076
532.00,0.0078
531.00,0.0083
530.00,0.0090
529.00,0.0097
528.00,0.0100
527.00,0.0097
526.00,0.0090
525.00,0.0083
524.00,0.0079
523.00,0.0077
522.00,0.0077
521.00,0.0076
520.00,0.0073
519.00,0.0069
518.00,0.0065
517.00,0.0062
516.00,0.0062
515.00,0.0064
514.00,0.0067
513.00,0.0071
512.00,0.0076
511.00,0.0079
510.00,0.0079
509.00,0.0075
508.00,0.0070
507.00,0.0067
506.00,0.0068
505.00,0.0073
504.00,0.0080
503.00,0.0085
502.00,0.0083
501.00,0.0077
500.00,0.0070
499.00,0.0066
498.00,0.0064
497.00,0.0065
496.00,0.0066
495.00,0.0067
494.00,0.0067
493.00,0.0066
492.00,0.0064
491.00,0.0061
490.00,0.0055
489.00,0.0048
488.00,0.0042
487.00,0.0041
486.00,0.0046
485.00,0.0051
484.00,0.0055
483.00,0.0058
482.00,0.0062
481.00,0.0065
480.00,0.0066
479.00,0.0068
478.00,0.0071
477.00,0.0075
476.00,0.0078
475.00,0.0079
474.00,0.0080
473.00,0.0083
472.00,0.0087
471.00,0.0092
470.00,0.0098
469.00,0.0104
468.00,0.0111
467.00,0.0116
466.00,0.0119
465.00,0.0117
464.00,0.0117
463.00,0.0124
462.00,0.0141
461.00,0.0167
460.00,0.0193
459.00,0.0210
458.00,0.0209
457.00,0.0195
456.00,0.0178
455.00,0.0165
454.00,0.0153
453.00,0.0137
452.00,0.0121
451.00,0.0110
450.00,0.0107
